run:
Intermediate Centroids:  [(330.31934, 240.72792, 0), (276.75623, 714.3369, 1), (791.9459, 464.50897, 2)]
Intermediate Centroids:  [(316.81424, 221.29935, 0), (302.05765, 753.0259, 1), (800.00586, 501.24237, 2)]
Intermediate Centroids:  [(319.80853, 224.60939, 0), (307.19107, 760.4791, 1), (801.4574, 506.6551, 2)]
Intermediate Centroids:  [(321.65442, 226.89926, 0), (308.47617, 762.9601, 1), (802.7589, 507.7226, 2)]
Intermediate Centroids:  [(322.44373, 228.13467, 0), (309.16562, 764.19147, 1), (803.446, 508.07098, 2)]
Intermediate Centroids:  [(322.74942, 228.70279, 0), (309.60657, 764.7894, 1), (803.77637, 508.0783, 2)]
Intermediate Centroids:  [(322.81787, 229.00058, 0), (309.90485, 765.0435, 1), (803.98254, 508.03296, 2)]
Intermediate Centroids:  [(322.7826, 229.17859, 0), (310.13342, 765.24243, 1), (804.06573, 507.90503, 2)]
Intermediate Centroids:  [(322.66263, 229.26523, 0), (310.2426, 765.3196, 1), (804.0764, 507.75568, 2)]
Intermediate Centroids:  [(322.54224, 229.37543, 0), (310.38043, 765.4378, 1), (804.0879, 507.63885, 2)]
Intermediate Centroids:  [(322.4113, 229.47075, 0), (310.50067, 765.5244, 1), (804.0988, 507.47464, 2)]
Intermediate Centroids:  [(322.31088, 229.50478, 0), (310.6805, 765.57916, 1), (804.128, 507.28262, 2)]
Intermediate Centroids:  [(322.18243, 229.56573, 0), (310.85312, 765.6351, 1), (804.1596, 507.10916, 2)]
Intermediate Centroids:  [(322.0834, 229.65057, 0), (310.97086, 765.7262, 1), (804.17, 507.0211, 2)]
Intermediate Centroids:  [(322.0194, 229.71326, 0), (311.03992, 765.78577, 1), (804.179, 506.94165, 2)]
Intermediate Centroids:  [(321.95087, 229.76201, 0), (311.13715, 765.8363, 1), (804.19556, 506.8391, 2)]
Intermediate Centroids:  [(321.89703, 229.80817, 0), (311.2513, 765.9055, 1), (804.21173, 506.7381, 2)]
Intermediate Centroids:  [(321.812, 229.8496, 0), (311.33585, 765.9698, 1), (804.2008, 506.61508, 2)]
Intermediate Centroids:  [(321.76865, 229.85394, 0), (311.38666, 765.98914, 1), (804.1962, 506.55292, 2)]
Intermediate Centroids:  [(321.73294, 229.87122, 0), (311.41772, 765.9995, 1), (804.20087, 506.5017, 2)]
Intermediate Centroids:  [(321.68933, 229.8906, 0), (311.42416, 766.00836, 1), (804.19324, 506.47052, 2)]
Intermediate Centroids:  [(321.6555, 229.90488, 0), (311.43396, 766.0172, 1), (804.1875, 506.451, 2)]
Intermediate Centroids:  [(321.61774, 229.92242, 0), (311.47217, 766.03754, 1), (804.1876, 506.4198, 2)]
Intermediate Centroids:  [(321.58176, 229.94315, 0), (311.50305, 766.05066, 1), (804.1924, 506.3776, 2)]
Intermediate Centroids:  [(321.55356, 229.95306, 0), (311.51694, 766.0538, 1), (804.19165, 506.3594, 2)]
Intermediate Centroids:  [(321.55356, 229.95306, 0), (311.51694, 766.0538, 1), (804.19165, 506.3594, 2)]
Ending Centroids:  [(321.55356, 229.95306, 0), (311.51694, 766.0538, 1), (804.19165, 506.3594, 2)]
BUILD SUCCESSFUL (total time: 0 seconds)
