run:
Intermediate Centroids:  [(454.0, 390.0, 0), (271.0, 605.0, 1), (662.0, 380.0, 2)]
Intermediate Centroids:  [(330.31934, 240.72792, 0), (276.75623, 714.3369, 1), (791.9459, 464.50897, 2), (454.0, 390.0, 0), (271.0, 605.0, 1), (662.0, 380.0, 2)]
Intermediate Centroids:  [(314.60107, 243.05466, 0), (286.6942, 742.4237, 1), (795.50085, 476.82065, 2), (454.0, 390.0, 0), (271.0, 605.0, 1), (662.0, 380.0, 2), (454.0, 390.0, 0), (271.0, 605.0, 1), (662.0, 380.0, 2)]
Intermediate Centroids:  [(310.2802, 245.8032, 0), (290.67093, 746.0346, 1), (794.7839, 472.2716, 2), (454.0, 390.0, 0), (271.0, 605.0, 1), (662.0, 380.0, 2), (454.0, 390.0, 0), (271.0, 605.0, 1), (662.0, 380.0, 2), (454.0, 390.0, 0), (271.0, 605.0, 1), (662.0, 380.0, 2)]
Intermediate Centroids:  [(308.91608, 246.63303, 0), (293.96094, 747.88153, 1), (795.11237, 469.46774, 2), (454.0, 390.0, 0), (271.0, 605.0, 1), (662.0, 380.0, 2), (454.0, 390.0, 0), (271.0, 605.0, 1), (662.0, 380.0, 2), (454.0, 390.0, 0), (271.0, 605.0, 1), (662.0, 380.0, 2), (454.0, 390.0, 0), (271.0, 605.0, 1), (662.0, 380.0, 2)]
Intermediate Centroids:  [(308.4163, 246.91643, 0), (296.15485, 748.676, 1), (795.48303, 467.55914, 2), (454.0, 390.0, 0), (271.0, 605.0, 1), (662.0, 380.0, 2), (454.0, 390.0, 0), (271.0, 605.0, 1), (662.0, 380.0, 2), (454.0, 390.0, 0), (271.0, 605.0, 1), (662.0, 380.0, 2), (454.0, 390.0, 0), (271.0, 605.0, 1), (662.0, 380.0, 2), (454.0, 390.0, 0), (271.0, 605.0, 1), (662.0, 380.0, 2)]
Intermediate Centroids:  [(308.09402, 246.93834, 0), (297.6211, 749.12305, 1), (795.7585, 466.39673, 2), (454.0, 390.0, 0), (271.0, 605.0, 1), (662.0, 380.0, 2), (454.0, 390.0, 0), (271.0, 605.0, 1), (662.0, 380.0, 2), (454.0, 390.0, 0), (271.0, 605.0, 1), (662.0, 380.0, 2), (454.0, 390.0, 0), (271.0, 605.0, 1), (662.0, 380.0, 2), (454.0, 390.0, 0), (271.0, 605.0, 1), (662.0, 380.0, 2), (454.0, 390.0, 0), (271.0, 605.0, 1), (662.0, 380.0, 2)]
Intermediate Centroids:  [(307.98642, 246.9221, 0), (298.53583, 749.3804, 1), (795.9381, 465.6594, 2), (454.0, 390.0, 0), (271.0, 605.0, 1), (662.0, 380.0, 2), (454.0, 390.0, 0), (271.0, 605.0, 1), (662.0, 380.0, 2), (454.0, 390.0, 0), (271.0, 605.0, 1), (662.0, 380.0, 2), (454.0, 390.0, 0), (271.0, 605.0, 1), (662.0, 380.0, 2), (454.0, 390.0, 0), (271.0, 605.0, 1), (662.0, 380.0, 2), (454.0, 390.0, 0), (271.0, 605.0, 1), (662.0, 380.0, 2), (454.0, 390.0, 0), (271.0, 605.0, 1), (662.0, 380.0, 2)]
Intermediate Centroids:  [(307.95703, 246.92104, 0), (299.08786, 749.5414, 1), (796.05054, 465.20355, 2), (454.0, 390.0, 0), (271.0, 605.0, 1), (662.0, 380.0, 2), (454.0, 390.0, 0), (271.0, 605.0, 1), (662.0, 380.0, 2), (454.0, 390.0, 0), (271.0, 605.0, 1), (662.0, 380.0, 2), (454.0, 390.0, 0), (271.0, 605.0, 1), (662.0, 380.0, 2), (454.0, 390.0, 0), (271.0, 605.0, 1), (662.0, 380.0, 2), (454.0, 390.0, 0), (271.0, 605.0, 1), (662.0, 380.0, 2), (454.0, 390.0, 0), (271.0, 605.0, 1), (662.0, 380.0, 2), (454.0, 390.0, 0), (271.0, 605.0, 1), (662.0, 380.0, 2)]
Intermediate Centroids:  [(307.9291, 246.87637, 0), (299.55557, 749.6459, 1), (796.1562, 464.84015, 2), (454.0, 390.0, 0), (271.0, 605.0, 1), (662.0, 380.0, 2), (454.0, 390.0, 0), (271.0, 605.0, 1), (662.0, 380.0, 2), (454.0, 390.0, 0), (271.0, 605.0, 1), (662.0, 380.0, 2), (454.0, 390.0, 0), (271.0, 605.0, 1), (662.0, 380.0, 2), (454.0, 390.0, 0), (271.0, 605.0, 1), (662.0, 380.0, 2), (454.0, 390.0, 0), (271.0, 605.0, 1), (662.0, 380.0, 2), (454.0, 390.0, 0), (271.0, 605.0, 1), (662.0, 380.0, 2), (454.0, 390.0, 0), (271.0, 605.0, 1), (662.0, 380.0, 2), (454.0, 390.0, 0), (271.0, 605.0, 1), (662.0, 380.0, 2)]
Intermediate Centroids:  [(307.9291, 246.87637, 0), (299.88354, 749.73035, 1), (796.23303, 464.5708, 2), (454.0, 390.0, 0), (271.0, 605.0, 1), (662.0, 380.0, 2), (454.0, 390.0, 0), (271.0, 605.0, 1), (662.0, 380.0, 2), (454.0, 390.0, 0), (271.0, 605.0, 1), (662.0, 380.0, 2), (454.0, 390.0, 0), (271.0, 605.0, 1), (662.0, 380.0, 2), (454.0, 390.0, 0), (271.0, 605.0, 1), (662.0, 380.0, 2), (454.0, 390.0, 0), (271.0, 605.0, 1), (662.0, 380.0, 2), (454.0, 390.0, 0), (271.0, 605.0, 1), (662.0, 380.0, 2), (454.0, 390.0, 0), (271.0, 605.0, 1), (662.0, 380.0, 2), (454.0, 390.0, 0), (271.0, 605.0, 1), (662.0, 380.0, 2), (454.0, 390.0, 0), (271.0, 605.0, 1), (662.0, 380.0, 2)]
Intermediate Centroids:  [(307.92056, 246.86185, 0), (300.08228, 749.7649, 1), (796.28577, 464.4181, 2), (454.0, 390.0, 0), (271.0, 605.0, 1), (662.0, 380.0, 2), (454.0, 390.0, 0), (271.0, 605.0, 1), (662.0, 380.0, 2), (454.0, 390.0, 0), (271.0, 605.0, 1), (662.0, 380.0, 2), (454.0, 390.0, 0), (271.0, 605.0, 1), (662.0, 380.0, 2), (454.0, 390.0, 0), (271.0, 605.0, 1), (662.0, 380.0, 2), (454.0, 390.0, 0), (271.0, 605.0, 1), (662.0, 380.0, 2), (454.0, 390.0, 0), (271.0, 605.0, 1), (662.0, 380.0, 2), (454.0, 390.0, 0), (271.0, 605.0, 1), (662.0, 380.0, 2), (454.0, 390.0, 0), (271.0, 605.0, 1), (662.0, 380.0, 2), (454.0, 390.0, 0), (271.0, 605.0, 1), (662.0, 380.0, 2), (454.0, 390.0, 0), (271.0, 605.0, 1), (662.0, 380.0, 2)]
Intermediate Centroids:  [(307.92056, 246.86185, 0), (300.18512, 749.7875, 1), (796.31244, 464.3352, 2), (454.0, 390.0, 0), (271.0, 605.0, 1), (662.0, 380.0, 2), (454.0, 390.0, 0), (271.0, 605.0, 1), (662.0, 380.0, 2), (454.0, 390.0, 0), (271.0, 605.0, 1), (662.0, 380.0, 2), (454.0, 390.0, 0), (271.0, 605.0, 1), (662.0, 380.0, 2), (454.0, 390.0, 0), (271.0, 605.0, 1), (662.0, 380.0, 2), (454.0, 390.0, 0), (271.0, 605.0, 1), (662.0, 380.0, 2), (454.0, 390.0, 0), (271.0, 605.0, 1), (662.0, 380.0, 2), (454.0, 390.0, 0), (271.0, 605.0, 1), (662.0, 380.0, 2), (454.0, 390.0, 0), (271.0, 605.0, 1), (662.0, 380.0, 2), (454.0, 390.0, 0), (271.0, 605.0, 1), (662.0, 380.0, 2), (454.0, 390.0, 0), (271.0, 605.0, 1), (662.0, 380.0, 2), (454.0, 390.0, 0), (271.0, 605.0, 1), (662.0, 380.0, 2)]
Intermediate Centroids:  [(307.89337, 246.8176, 0), (300.23242, 749.78577, 1), (796.3171, 464.31458, 2), (454.0, 390.0, 0), (271.0, 605.0, 1), (662.0, 380.0, 2), (454.0, 390.0, 0), (271.0, 605.0, 1), (662.0, 380.0, 2), (454.0, 390.0, 0), (271.0, 605.0, 1), (662.0, 380.0, 2), (454.0, 390.0, 0), (271.0, 605.0, 1), (662.0, 380.0, 2), (454.0, 390.0, 0), (271.0, 605.0, 1), (662.0, 380.0, 2), (454.0, 390.0, 0), (271.0, 605.0, 1), (662.0, 380.0, 2), (454.0, 390.0, 0), (271.0, 605.0, 1), (662.0, 380.0, 2), (454.0, 390.0, 0), (271.0, 605.0, 1), (662.0, 380.0, 2), (454.0, 390.0, 0), (271.0, 605.0, 1), (662.0, 380.0, 2), (454.0, 390.0, 0), (271.0, 605.0, 1), (662.0, 380.0, 2), (454.0, 390.0, 0), (271.0, 605.0, 1), (662.0, 380.0, 2), (454.0, 390.0, 0), (271.0, 605.0, 1), (662.0, 380.0, 2), (454.0, 390.0, 0), (271.0, 605.0, 1), (662.0, 380.0, 2)]
Intermediate Centroids:  [(307.89337, 246.8176, 0), (300.24323, 749.7872, 1), (796.3206, 464.30627, 2), (454.0, 390.0, 0), (271.0, 605.0, 1), (662.0, 380.0, 2), (454.0, 390.0, 0), (271.0, 605.0, 1), (662.0, 380.0, 2), (454.0, 390.0, 0), (271.0, 605.0, 1), (662.0, 380.0, 2), (454.0, 390.0, 0), (271.0, 605.0, 1), (662.0, 380.0, 2), (454.0, 390.0, 0), (271.0, 605.0, 1), (662.0, 380.0, 2), (454.0, 390.0, 0), (271.0, 605.0, 1), (662.0, 380.0, 2), (454.0, 390.0, 0), (271.0, 605.0, 1), (662.0, 380.0, 2), (454.0, 390.0, 0), (271.0, 605.0, 1), (662.0, 380.0, 2), (454.0, 390.0, 0), (271.0, 605.0, 1), (662.0, 380.0, 2), (454.0, 390.0, 0), (271.0, 605.0, 1), (662.0, 380.0, 2), (454.0, 390.0, 0), (271.0, 605.0, 1), (662.0, 380.0, 2), (454.0, 390.0, 0), (271.0, 605.0, 1), (662.0, 380.0, 2), (454.0, 390.0, 0), (271.0, 605.0, 1), (662.0, 380.0, 2), (454.0, 390.0, 0), (271.0, 605.0, 1), (662.0, 380.0, 2)]
Intermediate Centroids:  [(307.89337, 246.8176, 0), (300.27078, 749.80023, 1), (796.32263, 464.28107, 2), (454.0, 390.0, 0), (271.0, 605.0, 1), (662.0, 380.0, 2), (454.0, 390.0, 0), (271.0, 605.0, 1), (662.0, 380.0, 2), (454.0, 390.0, 0), (271.0, 605.0, 1), (662.0, 380.0, 2), (454.0, 390.0, 0), (271.0, 605.0, 1), (662.0, 380.0, 2), (454.0, 390.0, 0), (271.0, 605.0, 1), (662.0, 380.0, 2), (454.0, 390.0, 0), (271.0, 605.0, 1), (662.0, 380.0, 2), (454.0, 390.0, 0), (271.0, 605.0, 1), (662.0, 380.0, 2), (454.0, 390.0, 0), (271.0, 605.0, 1), (662.0, 380.0, 2), (454.0, 390.0, 0), (271.0, 605.0, 1), (662.0, 380.0, 2), (454.0, 390.0, 0), (271.0, 605.0, 1), (662.0, 380.0, 2), (454.0, 390.0, 0), (271.0, 605.0, 1), (662.0, 380.0, 2), (454.0, 390.0, 0), (271.0, 605.0, 1), (662.0, 380.0, 2), (454.0, 390.0, 0), (271.0, 605.0, 1), (662.0, 380.0, 2), (454.0, 390.0, 0), (271.0, 605.0, 1), (662.0, 380.0, 2), (454.0, 390.0, 0), (271.0, 605.0, 1), (662.0, 380.0, 2)]
Intermediate Centroids:  [(307.89337, 246.8176, 0), (300.29398, 749.80585, 1), (796.32825, 464.26215, 2), (454.0, 390.0, 0), (271.0, 605.0, 1), (662.0, 380.0, 2), (454.0, 390.0, 0), (271.0, 605.0, 1), (662.0, 380.0, 2), (454.0, 390.0, 0), (271.0, 605.0, 1), (662.0, 380.0, 2), (454.0, 390.0, 0), (271.0, 605.0, 1), (662.0, 380.0, 2), (454.0, 390.0, 0), (271.0, 605.0, 1), (662.0, 380.0, 2), (454.0, 390.0, 0), (271.0, 605.0, 1), (662.0, 380.0, 2), (454.0, 390.0, 0), (271.0, 605.0, 1), (662.0, 380.0, 2), (454.0, 390.0, 0), (271.0, 605.0, 1), (662.0, 380.0, 2), (454.0, 390.0, 0), (271.0, 605.0, 1), (662.0, 380.0, 2), (454.0, 390.0, 0), (271.0, 605.0, 1), (662.0, 380.0, 2), (454.0, 390.0, 0), (271.0, 605.0, 1), (662.0, 380.0, 2), (454.0, 390.0, 0), (271.0, 605.0, 1), (662.0, 380.0, 2), (454.0, 390.0, 0), (271.0, 605.0, 1), (662.0, 380.0, 2), (454.0, 390.0, 0), (271.0, 605.0, 1), (662.0, 380.0, 2), (454.0, 390.0, 0), (271.0, 605.0, 1), (662.0, 380.0, 2), (454.0, 390.0, 0), (271.0, 605.0, 1), (662.0, 380.0, 2)]
Ending Centroids:  [(307.89337, 246.8176, 0), (300.29398, 749.80585, 1), (796.32825, 464.26215, 2), (454.0, 390.0, 0), (271.0, 605.0, 1), (662.0, 380.0, 2), (454.0, 390.0, 0), (271.0, 605.0, 1), (662.0, 380.0, 2), (454.0, 390.0, 0), (271.0, 605.0, 1), (662.0, 380.0, 2), (454.0, 390.0, 0), (271.0, 605.0, 1), (662.0, 380.0, 2), (454.0, 390.0, 0), (271.0, 605.0, 1), (662.0, 380.0, 2), (454.0, 390.0, 0), (271.0, 605.0, 1), (662.0, 380.0, 2), (454.0, 390.0, 0), (271.0, 605.0, 1), (662.0, 380.0, 2), (454.0, 390.0, 0), (271.0, 605.0, 1), (662.0, 380.0, 2), (454.0, 390.0, 0), (271.0, 605.0, 1), (662.0, 380.0, 2), (454.0, 390.0, 0), (271.0, 605.0, 1), (662.0, 380.0, 2), (454.0, 390.0, 0), (271.0, 605.0, 1), (662.0, 380.0, 2), (454.0, 390.0, 0), (271.0, 605.0, 1), (662.0, 380.0, 2), (454.0, 390.0, 0), (271.0, 605.0, 1), (662.0, 380.0, 2), (454.0, 390.0, 0), (271.0, 605.0, 1), (662.0, 380.0, 2), (454.0, 390.0, 0), (271.0, 605.0, 1), (662.0, 380.0, 2), (454.0, 390.0, 0), (271.0, 605.0, 1), (662.0, 380.0, 2)]
BUILD SUCCESSFUL (total time: 2 seconds)
